BEGIN
<
DAY_BRIGHT
NODTA;grey;0.2800;0.3100;45.000;171;192;177;
CURSR;orange;0.5200;0.3900;28.000;230;121;56;
CHBLK;black;0.2800;0.3100;0.000;7;7;7;
CHGRD;grey;0.2800;0.3100;25.000;136;152;139;
CHGRF;grey;0.2800;0.3100;45.000;171;192;177;
CHRED;red;0.4800;0.3000;25.000;238;90;108;
CHGRN;green;0.3000;0.5200;60.000;124;240;91;
CHYLW;yellow;0.4100;0.4700;70.000;243;229;77;
CHMGD;magenta;0.3000;0.1700;20.000;198;77;187;
CHMGF;magenta;0.2800;0.2400;48.000;212;177;221;
CHBRN;brown;0.4200;0.4500;30.000;182;157;64;
CHWHT;white;0.2800;0.3100;80.000;216;244;225;
SCLBR;orange;0.5200;0.3900;28.000;230;121;56;
CHCOR;orange;0.5200;0.3900;28.000;230;121;56;
LITRD;red;0.4800;0.3000;25.000;238;90;108;
LITGN;green;0.3000;0.5200;60.000;124;240;91;
LITYW;yellow;0.4100;0.4700;70.000;243;229;77;
ISDNG;magenta;0.3000;0.1700;20.000;198;77;187;
DNGHL;red;0.4800;0.3000;25.000;238;90;108;
TRFCD;magenta;0.3000;0.1700;20.000;198;77;187;
TRFCF;magenta;0.2800;0.2400;48.000;212;177;221;
LANDA;brown;0.3600;0.4000;49.000;204;197;123;
LANDF;brown;0.4500;0.4500;15.000;147;116;39;
CSTLN;grey;0.2800;0.3100;10.000;95;106;96;
SNDG1;grey;0.2800;0.3100;25.000;136;152;139;
SNDG2;black;0.2800;0.3100;0.000;7;7;7;
DEPSC;grey;0.2800;0.3100;10.000;95;106;96;
DEPCN;grey;0.2800;0.3100;25.000;136;152;139;
DEPDW;white;0.2800;0.3100;80.000;216;244;225;
DEPMD;pale_blue;0.2700;0.3000;65.000;182;235;219;
DEPMS;light_blue;0.2400;0.2600;55.000;167;224;233;
DEPVS;medium_blue;0.2200;0.2400;45.000;129;195;226;
DEPIT;yellow-green;0.2800;0.3600;40.000;143;191;147;
RADHI;green;0.3000;0.5200;60.000;124;240;91;
RADLO;green;0.3000;0.5200;20.000;82;153;60;
ARPAT;green;0.2600;0.4200;30.000;64;170;165;
NINFO;orange;0.5200;0.3900;28.000;230;121;56;
RESBL;blue;0.1800;0.1500;22.000;76;135;227;
ADINF;yellow;0.4100;0.4700;35.000;184;172;60;
RESGR;grey;0.2800;0.3100;25.000;136;152;139;
SHIPS;black;0.2800;0.3100;0.000;7;7;7;
PSTRK;black;0.2800;0.3100;0.000;7;7;7;
SYTRK;grey;0.2800;0.3100;25.000;136;152;139;
PLRTE;red;0.5800;0.3500;18.000;218;70;45;
APLRT;orange;0.5200;0.3900;28.000;230;121;56;
UIBCK;white;0.2800;0.3100;80.00;150;150;150;
UIBDR;bottomshadow;0.2800;0.3100;25.00;125;125;125;
UIAFD;background;0.2200;0.2400;45.00;220;220;220;
UIAFF;arm;0.3600;0.4000;49.00;185;185;185;
UINFD;black;0.2800;0.3100;0.00;7;7;7;
UINFF;topshadow;0.2800;0.3100;25.00;240;240;240;
UINFR;red;0.4800;0.3000;25.00;251;95;99;
UINFG;green;0.3000;0.5200;60.00;75;210;86;
UINFO;orangehighlight;0.5200;0.3900;28.00;255;240;70;
UINFB;blue;0.1800;0.1500;22.00;54;130;244;
UINFM;magenta;0.3000;0.1700;20.00;200;72;201;
OUTLW;black;0.2800;0.3100;0.000;7;7;7;
OUTLL;brown;0.3600;0.4000;49.000;204;197;123;
RES01;grey;0.2800;0.3100;45.000;171;192;177;
RES02;grey;0.2800;0.3100;45.000;171;192;177;
RES03;grey;0.2800;0.3100;45.000;171;192;177;
BKAJ1;black;0.2800;0.3100;0.000;7;7;7;
BKAJ2;grey;0.2800;0.3100;1.600;70;70;70;
DEP01;blue;0;0;0;199;239;219;
DEP02;blue;0;0;0;171;233;230;
DEP03;blue;0;0;0;150;209;233;
DEP04;blue;0;0;0;117;186;223;
>
<
DAY_WHITEBACK
NODTA;grey;0.2800;0.3100;31.500;149;166;153;
CURSR;orange;0.5200;0.3900;19.600;198;106;49;
CHBLK;black;0.2800;0.3100;0.000;7;7;7;
CHGRD;grey;0.2800;0.3100;17.500;118;131;120;
CHGRF;grey;0.2800;0.3100;31.500;149;166;153;
CHRED;red;0.4800;0.3000;17.500;205;79;93;
CHGRN;green;0.3000;0.5200;42.000;108;207;79;
CHYLW;yellow;0.4100;0.4700;49.000;210;198;68;
CHMGD;magenta;0.3000;0.1700;14.000;172;68;161;
CHMGF;magenta;0.2800;0.2400;33.600;184;153;190;
CHBRN;brown;0.4200;0.4500;21.000;157;136;56;
CHWHT;white;0.2800;0.3100;56.000;187;210;193;
SCLBR;orange;0.5200;0.3900;19.600;198;106;49;
CHCOR;orange;0.5200;0.3900;19.600;198;106;49;
LITRD;red;0.4800;0.3000;17.500;205;79;93;
LITGN;green;0.3000;0.5200;42.000;108;207;79;
LITYW;yellow;0.4100;0.4700;49.000;210;198;68;
ISDNG;magenta;0.3000;0.1700;14.000;172;68;161;
DNGHL;red;0.4800;0.3000;17.500;205;79;93;
TRFCD;magenta;0.3000;0.1700;14.000;172;68;161;
TRFCF;magenta;0.2800;0.2400;33.600;184;153;190;
LANDA;brown;0.3600;0.4000;34.300;177;170;107;
LANDF;brown;0.4500;0.4500;10.500;127;101;34;
CSTLN;grey;0.2800;0.3100;7.000;83;92;84;
SNDG1;grey;0.2800;0.3100;17.500;118;131;120;
SNDG2;black;0.2800;0.3100;0.000;7;7;7;
DEPSC;grey;0.2800;0.3100;7.000;83;92;84;
DEPCN;grey;0.2800;0.3100;17.500;118;131;120;
DEPDW;white;0.2800;0.3100;56.000;187;210;193;
DEPMD;pale_blue;0.2700;0.3000;45.500;166;194;184;
DEPMS;light_blue;0.2400;0.2600;38.500;141;181;197;
DEPVS;medium_blue;0.2200;0.2400;31.500;113;168;194;
DEPIT;yellow-green;0.2800;0.3600;28.000;124;165;127;
RADHI;green;0.3000;0.5200;42.000;108;207;79;
RADLO;green;0.3000;0.5200;14.000;72;132;53;
ARPAT;green;0.2600;0.4200;21.000;55;145;140;
NINFO;orange;0.5200;0.3900;19.600;198;106;49;
RESBL;blue;0.1800;0.1500;15.400;67;117;195;
ADINF;yellow;0.4100;0.4700;24.500;159;149;52;
RESGR;grey;0.2800;0.3100;17.500;118;131;120;
SHIPS;black;0.2800;0.3100;0.000;7;7;7;
PSTRK;black;0.2800;0.3100;0.000;7;7;7;
SYTRK;grey;0.2800;0.3100;17.500;118;131;120;
PLRTE;red;0.5800;0.3500;12.600;189;61;40;
APLRT;orange;0.5200;0.3900;19.600;198;106;49;
UIBCK;white;0.2800;0.3100;80.00;130;130;130;
UIBDR;bottomshadow;0.2800;0.3100;25.00;105;105;105;
UIAFD;background;0.2200;0.2400;45.00;190;190;190;
UIAFF;arm;0.3600;0.4000;49.00;160;160;160;
UINFD;black;0.2800;0.3100;0.00;7;7;7;
UINFF;topshadow;0.2800;0.3100;25.00;205;205;205;
UINFR;red;0.4800;0.3000;25.00;213;81;84;
UINFG;green;0.3000;0.5200;60.00;64;179;73;
UINFO;orangehighlight;0.5200;0.3900;28.00;216;204;60;
UINFB;blue;0.1800;0.1500;22.00;46;111;207;
UINFM;magenta;0.3000;0.1700;20.00;170;61;171;
OUTLW;black;0.2800;0.3100;0.000;7;7;7;
OUTLL;brown;0.3600;0.4000;34.300;177;170;107;
RES01;grey;0.2800;0.3100;31.500;149;166;153;
RES02;grey;0.2800;0.3100;31.500;149;166;153;
RES03;grey;0.2800;0.3100;31.500;149;166;153;
BKAJ1;black;0.2800;0.3100;0.000;7;7;7;
BKAJ2;grey;0.2800;0.3100;1.120;68;68;68;
DEP01;blue;0;0;0;176;202;189;
DEP02;blue;0;0;0;154;194;192;
DEP03;blue;0;0;0;128;175;196;
DEP04;blue;0;0;0;101;159;190;
>
<
DAY_BLACKBACK
NODTA;grey;0.2800;0.3100;25.000;136;152;139;
CURSR;orange;0.5200;0.3900;28.000;230;121;56;
CHBLK;grey;0.2800;0.3100;45.000;171;192;177;
CHGRD;grey;0.2800;0.3100;45.000;171;192;177;
CHGRF;grey;0.2800;0.3100;25.000;136;152;139;
CHRED;red;0.4800;0.3000;25.000;238;90;108;
CHGRN;green;0.3000;0.5200;60.000;124;240;91;
CHYLW;yellow;0.4100;0.4700;70.000;243;229;77;
CHMGD;magenta;0.2800;0.2400;53.000;221;185;230;
CHMGF;magenta;0.3000;0.1700;20.000;198;77;187;
CHBRN;brown;0.4200;0.4500;25.000;169;146;59;
CHWHT;white;0.2800;0.3100;80.000;216;244;225;
SCLBR;orange;0.5200;0.3900;28.000;230;121;56;
CHCOR;orange;0.5200;0.3900;28.000;230;121;56;
LITRD;red;0.4800;0.3000;25.000;238;90;108;
LITGN;green;0.3000;0.5200;60.000;124;240;91;
LITYW;yellow;0.4100;0.4700;70.000;243;229;77;
ISDNG;magenta;0.2800;0.2400;53.000;221;185;230;
DNGHL;red;0.4800;0.3000;25.000;238;90;108;
TRFCD;magenta;0.2800;0.2400;53.000;221;185;230;
TRFCF;magenta;0.3000;0.1700;20.000;198;77;187;
LANDA;brown;0.3600;0.4000;20.000;143;137;87;
LANDF;brown;0.4500;0.4500;45.000;228;180;58;
CSTLN;grey;0.2800;0.3100;45.000;171;192;177;
SNDG1;grey;0.2800;0.3100;30.000;146;163;149;
SNDG2;white;0.2800;0.3100;80.000;216;244;225;
DEPSC;grey;0.2800;0.3100;45.000;171;192;177;
DEPCN;grey;0.2800;0.3100;25.000;136;152;139;
DEPDW;black;0.2800;0.3100;0.000;7;7;7;
DEPMD;dark_blue;0.2700;0.3000;2.000;52;59;54;
DEPMS;medium_blue;0.2400;0.2600;8.000;77;97;104;
DEPVS;light_blue;0.2200;0.2400;14.000;83;122;139;
DEPIT;yellow-green;0.2600;0.3600;14.000;81;128;99;
RADHI;green;0.3000;0.5200;60.000;124;240;91;
RADLO;green;0.3000;0.5200;20.000;82;153;60;
ARPAT;green;0.2600;0.4200;50.000;50;129;123;
NINFO;orange;0.5200;0.3900;28.000;230;121;56;
RESBL;blue;0.1800;0.1500;22.000;46;129;252;
ADINF;yellow;0.4100;0.4700;35.000;184;172;60;
RESGR;grey;0.2800;0.3100;25.000;136;152;139;
SHIPS;white;0.2800;0.3100;80.000;216;244;225;
PSTRK;white;0.2800;0.3100;80.000;216;244;225;
SYTRK;grey;0.2800;0.3100;30.000;146;163;149;
PLRTE;red;0.5800;0.3500;18.000;218;70;45;
APLRT;orange;0.5200;0.3900;28.000;230;121;56;
UIBCK;black;0.2800;0.3100;0.00;200;200;200;
UIBDR;bottomshadow;0.2800;0.3100;45.00;80;80;80;
UIAFD;background;0.2200;0.2400;14.00;160;160;160;
UIAFF;arm;0.3600;0.4000;20.00;120;120;120;
UINFD;white;0.2800;0.3100;80.00;240;240;240;
UINFF;topshadow;0.2800;0.3100;30.00;190;190;190;
UINFR;red;0.4800;0.3000;25.00;182;69;72;
UINFG;green;0.3000;0.5200;60.00;60;163;69;
UINFO;orangehighlight;0.5200;0.3900;28.00;205;194;55;
UINFB;blue;0.1800;0.1500;22.00;39;95;177;
UINFM;magenta;0.3000;0.1700;20.00;145;52;146;
OUTLW;black;0.2800;0.3100;0.000;7;7;7;
OUTLL;brown;0.3600;0.4000;20.000;143;137;87;
RES01;grey;0.2800;0.3100;25.000;136;152;139;
RES02;grey;0.2800;0.3100;25.000;136;152;139;
RES03;grey;0.2800;0.3100;25.000;136;152;139;
BKAJ1;black;0.2800;0.3100;0.000;7;7;7;
BKAJ2;grey;0.2800;0.3100;1.600;70;70;70;
DEP01;blue;0;0;0;31;33;32;
DEP02;blue;0;0;0;64;79;75;
DEP03;blue;0;0;0;81;111;121;
DEP04;blue;0;0;0;85;131;155;
>
<
DUSK
NODTA;grey;0.2800;0.3100;2.250;56;61;55;
CURSR;orange;0.5200;0.3900;2.520;89;50;22;
CHBLK;grey;0.2800;0.3100;4.050;68;75;68;
CHGRD;grey;0.2800;0.3100;4.050;68;75;68;
CHGRF;grey;0.2800;0.3100;2.250;56;61;55;
CHRED;red;0.4800;0.3000;2.250;92;40;43;
CHGRN;green;0.3000;0.5200;5.400;51;92;37;
CHYLW;yellow;0.4100;0.4700;6.300;93;88;32;
CHMGD;magenta;0.2800;0.2400;4.770;86;73;87;
CHMGF;magenta;0.3000;0.1700;1.800;78;34;72;
CHBRN;brown;0.4200;0.4500;2.250;67;59;25;
CHWHT;white;0.2800;0.3100;7.200;84;93;85;
SCLBR;orange;0.5200;0.3900;2.520;89;50;22;
CHCOR;orange;0.5200;0.3900;2.520;89;50;22;
LITRD;red;0.4800;0.3000;2.250;92;40;43;
LITGN;green;0.3000;0.5200;5.400;51;92;37;
LITYW;yellow;0.4100;0.4700;6.300;93;88;32;
ISDNG;magenta;0.2800;0.2400;4.770;86;73;87;
DNGHL;red;0.4800;0.3000;2.250;92;40;43;
TRFCD;magenta;0.2800;0.2400;4.770;86;73;87;
TRFCF;magenta;0.3000;0.1700;1.800;78;34;72;
LANDA;brown;0.3600;0.4000;1.800;58;56;36;
LANDF;brown;0.4500;0.4500;4.050;88;71;24;
CSTLN;grey;0.2800;0.3100;4.050;68;75;68;
SNDG1;grey;0.2800;0.3100;2.700;59;65;59;
SNDG2;white;0.2800;0.3100;7.200;84;93;85;
DEPSC;grey;0.2800;0.3100;4.050;68;75;68;
DEPCN;grey;0.2800;0.3100;2.250;56;61;55;
DEPDW;black;0.2800;0.3100;0.000;7;7;7;
DEPMD;dark_blue;0.2700;0.3000;0.180;24;27;21;
DEPMS;medium_blue;0.2400;0.2600;0.720;34;42;42;
DEPVS;light_blue;0.2200;0.2400;1.260;36;51;55;
DEPIT;yellow-green;0.2600;0.3600;1.260;35;53;41;
RADHI;green;0.3000;0.5200;5.400;51;92;37;
RADLO;green;0.3000;0.5200;1.800;36;62;25;
ARPAT;green;0.2600;0.4200;4.500;22;93;82;
NINFO;orange;0.5200;0.3900;2.520;89;50;22;
RESBL;blue;0.1800;0.1500;1.980;30;51;79;
ADINF;yellow;0.4100;0.4700;3.150;73;68;25;
RESGR;grey;0.2800;0.3100;2.250;56;61;55;
SHIPS;white;0.2800;0.3100;7.200;84;93;85;
PSTRK;white;0.2800;0.3100;7.200;84;93;85;
SYTRK;grey;0.2800;0.3100;2.700;59;65;59;
PLRTE;red;0.5800;0.3500;1.620;85;32;14;
APLRT;orange;0.5200;0.3900;2.520;89;50;22;
UIBCK;black;0.2800;0.3100;0.00;105;105;105;
UIBDR;bottomshadow;0.2800;0.3100;45.00;40;40;40;
UIAFD;background;0.2200;0.2400;14.00;70;70;70;
UIAFF;arm;0.3600;0.4000;20.00;90;90;90;
UINFD;white;0.2800;0.3100;80.00;130;130;130;
UINFF;topshadow;0.2800;0.3100;30.00;75;75;75;
UINFR;red;0.5800;0.3500;0.15;120;54;11;
UINFG;green;0.3400;0.5400;0.26;35;110;20;
UINFO;orange;0.5200;0.3900;0.25;110;98;20;
UINFB;blue;0.1800;0.1300;0.13;10;76;154;
UINFM;magenta;0.3000;0.1700;0.25;112;54;155;
OUTLW;black;0.2800;0.3100;0.000;7;7;7;
OUTLL;brown;0.3600;0.4000;1.800;58;56;36;
RES01;grey;0.2800;0.3100;2.250;56;61;55;
RES02;grey;0.2800;0.3100;2.250;56;61;55;
RES03;grey;0.2800;0.3100;2.250;56;61;55;
BKAJ1;black;0.2800;0.3100;0.000;7;7;7;
BKAJ2;grey;0.2800;0.3100;0.14400;48;48;48;
DEP01;blue;0;0;0;15;17;16;
DEP02;blue;0;0;0;29;35;32;
DEP03;blue;0;0;0;36;47;49;
DEP04;blue;0;0;0;37;56;63;
>
<
NIGHT
NODTA;black;0.2800;0.3100;0.000;7;7;7;
CURSR;orange;0.5200;0.3900;1.200;68;40;12;
CHBLK;grey;0.2800;0.3100;1.200;45;49;43;
CHGRD;grey;0.2800;0.3100;1.200;45;49;43;
CHGRF;grey;0.2800;0.3100;0.300;28;32;26;
CHRED;red;0.5800;0.3500;1.000;71;27;9;
CHGRN;green;0.3400;0.5400;1.000;36;50;5;
CHYLW;yellow;0.4300;0.4600;1.200;54;48;10;
CHMGD;magenta;0.3000;0.1700;1.100;65;29;60;
CHMGF;magenta;0.3000;0.1700;1.100;65;29;60;
CHBRN;brown;0.3000;0.3100;0.050;16;17;6;
CHWHT;white;0.2800;0.3100;1.740;51;56;50;
SCLBR;orange;0.5200;0.3900;1.200;68;40;12;
CHCOR;orange;0.5200;0.3900;1.200;68;40;12;
LITRD;red;0.5800;0.3500;1.000;71;27;9;
LITGN;green;0.3400;0.5400;1.000;36;50;5;
LITYW;yellow;0.4300;0.4600;1.200;54;48;10;
ISDNG;magenta;0.3000;0.1700;1.100;65;29;60;
DNGHL;red;0.5800;0.3500;1.000;71;27;9;
TRFCD;magenta;0.3000;0.1700;1.400;71;32;65;
TRFCF;magenta;0.3000;0.1700;1.100;65;29;60;
LANDA;brown;0.3600;0.3600;0.100;24;21;7;
LANDF;brown;0.4100;0.4900;0.300;32;32;1;
CSTLN;white;0.2800;0.3100;1.740;51;56;50;
SNDG1;grey;0.2800;0.3100;1.200;45;49;43;
SNDG2;white;0.2800;0.3100;2.460;57;63;57;
DEPSC;white;0.2800;0.3100;1.740;51;56;50;
DEPCN;grey;0.2800;0.3100;1.200;45;49;43;
DEPDW;black;0.2800;0.3100;0.000;7;7;7;
DEPMD;black;0.2800;0.3100;0.000;7;7;7;
DEPMS;dark-blue;0.1600;0.0800;0.040;3;9;27;
DEPVS;dark-blue;0.1600;0.0800;0.040;3;9;27;
DEPIT;yellow-green;0.2300;0.3000;0.040;4;17;6;
RADHI;green;0.3400;0.5400;1.000;36;50;5;
RADLO;green;0.3400;0.5400;0.200;20;30;1;
ARPAT;green;0.2600;0.4200;0.800;11;46;43;
NINFO;orange;0.5200;0.3900;1.200;68;40;12;
RESBL;blue;0.1800;0.1300;1.200;35;44;76;
ADINF;yellow;0.4300;0.4600;1.200;54;48;10;
RESGR;grey;0.2800;0.3100;0.300;28;32;26;
SHIPS;white;0.2800;0.3100;1.740;51;56;50;
PSTRK;white;0.2800;0.3100;1.740;51;56;50;
SYTRK;grey;0.2800;0.3100;1.200;45;49;43;
PLRTE;red;0.5800;0.3500;1.300;78;29;11;
APLRT;orange;0.5200;0.3900;1.200;68;40;12;
UIBCK;black;0.2800;0.3100;0.00;52;52;52;
UIBDR;bottomshadow;0.2800;0.3100;45.00;20;20;20;
UIAFD;background;0.2200;0.2400;14.00;35;35;35;
UIAFF;arm;0.3600;0.4000;20.00;45;45;45;
UINFD;white;0.2800;0.3100;80.00;65;65;65;
UINFF;topshadow;0.2800;0.3100;30.00;37;37;37;
UINFR;red;0.5800;0.3500;0.15;60;27;5;
UINFG;green;0.3400;0.5400;0.26;17;55;10;
UINFO;orange;0.5200;0.3900;0.25;55;49;10;
UINFB;blue;0.1800;0.1300;0.13;5;38;77;
UINFM;magenta;0.3000;0.1700;0.25;56;27;77;
OUTLW;black;0.2800;0.3100;0.000;7;7;7;
OUTLL;brown;0.3600;0.3600;0.100;24;21;7;
RES01;black;0.2800;0.3100;0.000;1;1;1;
RES02;black;0.2800;0.3100;0.000;1;1;1;
RES03;black;0.2800;0.3100;0.000;1;1;1;
BKAJ1;black;0.2800;0.3100;0.000;7;7;7;
BKAJ2;grey;0.2800;0.3100;0.005;35;35;35;
DEP01;blue;0;0;0;7;7;7;
DEP02;blue;0;0;0;7;16;16;
DEP03;blue;0;0;0;3;9;27;
DEP04;blue;0;0;0;0;0;38;
>
END